run	V(vout+)-V(vout-)
0.000000000000000e+000	8.319139e-003
1.000000000000000e+000	-2.744567e-001
2.000000000000000e+000	-3.307464e-001
3.000000000000000e+000	7.447052e-002
4.000000000000000e+000	1.387124e-001
5.000000000000000e+000	-1.565104e-001
6.000000000000000e+000	1.817877e-001
7.000000000000000e+000	-2.204747e-001
8.000000000000000e+000	-3.029492e-001
9.000000000000000e+000	1.209035e-001
1.000000000000000e+001	-3.888440e-002
1.100000000000000e+001	-7.210565e-002
1.200000000000000e+001	-3.088412e-001
1.300000000000000e+001	1.112096e-001
1.400000000000000e+001	4.066300e-001
1.500000000000000e+001	1.646895e-001
1.600000000000000e+001	4.314134e-001
1.700000000000000e+001	1.010659e-001
1.800000000000000e+001	-3.741264e-003
1.900000000000000e+001	5.158882e-001
2.000000000000000e+001	-3.310394e-002
2.100000000000000e+001	-1.244631e-001
2.200000000000000e+001	-2.152038e-002
2.300000000000000e+001	-4.005289e-001
2.400000000000000e+001	-1.160848e-001
2.500000000000000e+001	2.442145e-002
2.600000000000000e+001	1.133323e-002
2.700000000000000e+001	-4.325314e-001
2.800000000000000e+001	-8.415961e-002
2.900000000000000e+001	-3.062367e-001
3.000000000000000e+001	-2.697310e-001
3.100000000000000e+001	1.498325e-001
3.200000000000000e+001	5.057662e-001
3.300000000000000e+001	2.347424e-001
3.400000000000000e+001	9.392667e-002
3.500000000000000e+001	1.993835e-001
3.600000000000000e+001	2.188344e-001
3.700000000000000e+001	-3.228838e-001
3.800000000000000e+001	-3.475964e-001
3.900000000000000e+001	7.036185e-001
4.000000000000000e+001	-6.039667e-002
4.100000000000000e+001	1.246636e-001
4.200000000000000e+001	3.375888e-002
4.300000000000000e+001	-2.411189e-001
4.400000000000000e+001	-1.048369e-001
4.500000000000000e+001	-7.740617e-002
4.600000000000000e+001	7.859707e-002
4.700000000000000e+001	-4.240177e-001
4.800000000000000e+001	2.122550e-001
4.900000000000000e+001	8.123708e-002
5.000000000000000e+001	-6.820154e-002
5.100000000000000e+001	-4.036915e-001
5.200000000000000e+001	3.142262e-002
5.300000000000000e+001	1.434920e-001
5.400000000000000e+001	9.251380e-002
5.500000000000000e+001	-1.268198e-001
5.600000000000000e+001	3.592870e-001
5.700000000000000e+001	-6.753683e-003
5.800000000000000e+001	3.712773e-002
5.900000000000000e+001	1.393180e-001
6.000000000000000e+001	1.190267e-001
6.100000000000000e+001	-5.730772e-002
6.200000000000000e+001	1.072493e-001
6.300000000000000e+001	-7.498765e-002
6.400000000000000e+001	-4.131415e-001
6.500000000000000e+001	2.121196e-001
6.600000000000000e+001	1.806879e-002
6.700000000000000e+001	-4.033349e-001
6.800000000000000e+001	-1.198192e-001
6.900000000000000e+001	-6.613088e-002
7.000000000000000e+001	1.935649e-002
7.100000000000000e+001	-5.889201e-002
7.200000000000000e+001	-2.334001e-001
7.300000000000000e+001	-3.309577e-001
7.400000000000000e+001	8.984685e-002
7.500000000000000e+001	-2.157326e-001
7.600000000000000e+001	-3.371863e-001
7.700000000000000e+001	1.965635e-001
7.800000000000000e+001	-1.967211e-001
7.900000000000000e+001	1.975431e-001
8.000000000000000e+001	3.826332e-002
8.100000000000000e+001	9.700847e-002
8.200000000000000e+001	-3.931904e-002
8.300000000000000e+001	2.800002e-001
8.400000000000000e+001	-2.210259e-001
8.500000000000000e+001	4.353938e-001
8.600000000000000e+001	-1.149738e-001
8.700000000000000e+001	4.494519e-001
8.800000000000000e+001	4.706621e-003
8.900000000000000e+001	5.083299e-002
9.000000000000000e+001	2.361398e-001
9.100000000000000e+001	1.414697e-001
9.200000000000000e+001	6.691694e-003
9.300000000000000e+001	3.129053e-001
9.400000000000000e+001	1.566205e-001
9.500000000000000e+001	3.731394e-002
9.600000000000000e+001	2.179360e-001
9.700000000000000e+001	2.794514e-001
9.800000000000000e+001	-2.613239e-001
9.900000000000000e+001	2.845249e-001
1.000000000000000e+002	1.792355e-001
1.010000000000000e+002	-1.190739e-001
1.020000000000000e+002	-2.714281e-001
1.030000000000000e+002	-3.825610e-001
1.040000000000000e+002	2.460258e-001
1.050000000000000e+002	-1.640162e-001
1.060000000000000e+002	1.195359e-002
1.070000000000000e+002	2.667942e-001
1.080000000000000e+002	-2.510219e-001
1.090000000000000e+002	-2.232935e-001
1.100000000000000e+002	2.971447e-001
1.110000000000000e+002	-1.211028e-001
1.120000000000000e+002	6.509871e-001
1.130000000000000e+002	-9.834576e-002
1.140000000000000e+002	-1.780822e-001
1.150000000000000e+002	-3.570566e-001
1.160000000000000e+002	-1.902792e-001
1.170000000000000e+002	-3.276756e-001
1.180000000000000e+002	-4.139218e-001
1.190000000000000e+002	1.898067e-001
1.200000000000000e+002	5.055110e-001
1.210000000000000e+002	-5.145907e-001
1.220000000000000e+002	3.276341e-001
1.230000000000000e+002	-2.262139e-001
1.240000000000000e+002	-1.384737e-001
1.250000000000000e+002	9.242296e-002
1.260000000000000e+002	2.107246e-001
1.270000000000000e+002	2.725291e-001
1.280000000000000e+002	-7.739949e-002
1.290000000000000e+002	3.075092e-001
1.300000000000000e+002	-1.390545e-001
1.310000000000000e+002	2.399170e-001
1.320000000000000e+002	-4.234605e-001
1.330000000000000e+002	-2.200465e-001
1.340000000000000e+002	-1.145701e-001
1.350000000000000e+002	-7.310128e-002
1.360000000000000e+002	-1.461492e-001
1.370000000000000e+002	-5.460906e-002
1.380000000000000e+002	-8.436894e-002
1.390000000000000e+002	6.121302e-002
1.400000000000000e+002	-1.338573e-001
1.410000000000000e+002	2.730219e-001
1.420000000000000e+002	-7.613611e-002
1.430000000000000e+002	2.858942e-001
1.440000000000000e+002	-4.782081e-002
1.450000000000000e+002	-2.820051e-001
1.460000000000000e+002	2.581894e-001
1.470000000000000e+002	-2.707028e-001
1.480000000000000e+002	8.738041e-004
1.490000000000000e+002	-1.544321e-001
1.500000000000000e+002	-1.986289e-001
1.510000000000000e+002	-2.557609e-001
1.520000000000000e+002	2.159736e-001
1.530000000000000e+002	-8.055496e-002
1.540000000000000e+002	-3.365245e-001
1.550000000000000e+002	-2.590418e-001
1.560000000000000e+002	3.031647e-001
1.570000000000000e+002	-2.337980e-002
1.580000000000000e+002	-5.362010e-002
1.590000000000000e+002	-8.585119e-002
1.600000000000000e+002	-1.861148e-001
1.610000000000000e+002	4.856176e-001
1.620000000000000e+002	1.922569e-001
1.630000000000000e+002	7.194829e-002
1.640000000000000e+002	1.370413e-001
1.650000000000000e+002	-1.328969e-001
1.660000000000000e+002	2.647641e-001
1.670000000000000e+002	1.991646e-001
1.680000000000000e+002	1.767561e-001
1.690000000000000e+002	2.881045e-001
1.700000000000000e+002	9.073353e-002
1.710000000000000e+002	2.627115e-001
1.720000000000000e+002	2.358589e-001
1.730000000000000e+002	-3.730028e-001
1.740000000000000e+002	-1.701376e-001
1.750000000000000e+002	6.807594e-001
1.760000000000000e+002	7.984161e-003
1.770000000000000e+002	7.026467e-001
1.780000000000000e+002	8.315706e-002
1.790000000000000e+002	3.146403e-001
1.800000000000000e+002	2.202034e-003
1.810000000000000e+002	2.965312e-001
1.820000000000000e+002	4.191818e-001
1.830000000000000e+002	3.223996e-001
1.840000000000000e+002	-2.101049e-001
1.850000000000000e+002	-2.435110e-001
1.860000000000000e+002	-1.794193e-001
1.870000000000000e+002	2.521186e-001
1.880000000000000e+002	2.139153e-001
1.890000000000000e+002	-2.477903e-001
1.900000000000000e+002	7.966542e-002
1.910000000000000e+002	1.896713e-001
1.920000000000000e+002	-3.611767e-001
1.930000000000000e+002	-4.347725e-001
1.940000000000000e+002	-4.712558e-001
1.950000000000000e+002	6.802869e-002
1.960000000000000e+002	-2.744443e-001
1.970000000000000e+002	-1.609743e-001
1.980000000000000e+002	-2.698560e-001
1.990000000000000e+002	-3.115141e-001
2.000000000000000e+002	6.616330e-002
2.010000000000000e+002	-3.255258e-001
2.020000000000000e+002	3.181527e-001
2.030000000000000e+002	-2.309065e-001
2.040000000000000e+002	1.827736e-001
2.050000000000000e+002	3.264329e-001
2.060000000000000e+002	-1.900980e-001
2.070000000000000e+002	-4.098058e-002
2.080000000000000e+002	1.305022e-001
2.090000000000000e+002	3.330755e-001
2.100000000000000e+002	-9.566784e-003
2.110000000000000e+002	-1.852820e-001
2.120000000000000e+002	-3.019514e-001
2.130000000000000e+002	3.785889e-001
2.140000000000000e+002	-2.776840e-001
2.150000000000000e+002	2.043116e-001
2.160000000000000e+002	-4.858177e-001
2.170000000000000e+002	1.117902e-001
2.180000000000000e+002	1.501353e-001
2.190000000000000e+002	1.754136e-001
2.200000000000000e+002	3.072226e-001
2.210000000000000e+002	7.442617e-002
2.220000000000000e+002	-5.097032e-002
2.230000000000000e+002	-7.079864e-002
2.240000000000000e+002	1.480117e-001
2.250000000000000e+002	-2.243049e-001
2.260000000000000e+002	-4.082868e-001
2.270000000000000e+002	-6.411076e-004
2.280000000000000e+002	-1.664972e-002
2.290000000000000e+002	3.006148e-002
2.300000000000000e+002	-6.191516e-002
2.310000000000000e+002	9.102058e-002
2.320000000000000e+002	-2.930515e-001
2.330000000000000e+002	-2.906170e-001
2.340000000000000e+002	-1.665733e-001
2.350000000000000e+002	1.590083e-001
2.360000000000000e+002	4.127741e-003
2.370000000000000e+002	3.676121e-001
2.380000000000000e+002	6.962442e-002
2.390000000000000e+002	5.692379e-001
2.400000000000000e+002	-3.509736e-001
2.410000000000000e+002	-2.379854e-001
2.420000000000000e+002	2.146189e-001
2.430000000000000e+002	-2.373195e-001
2.440000000000000e+002	6.201110e-001
2.450000000000000e+002	2.655990e-001
2.460000000000000e+002	3.272736e-001
2.470000000000000e+002	-2.173593e-001
2.480000000000000e+002	-3.767281e-001
2.490000000000000e+002	3.277078e-001
2.500000000000000e+002	-8.912587e-002
2.510000000000000e+002	-2.425733e-001
2.520000000000000e+002	2.821298e-001
2.530000000000000e+002	-1.589060e-001
2.540000000000000e+002	2.247534e-001
2.550000000000000e+002	-2.558377e-001
2.560000000000000e+002	1.125865e-001
2.570000000000000e+002	-1.139941e-001
2.580000000000000e+002	4.658437e-002
2.590000000000000e+002	-3.870468e-001
2.600000000000000e+002	-2.338829e-001
2.610000000000000e+002	1.451590e-001
2.620000000000000e+002	5.828593e-001
2.630000000000000e+002	-2.394929e-001
2.640000000000000e+002	-1.747744e-001
2.650000000000000e+002	1.618388e-001
2.660000000000000e+002	3.461833e-001
2.670000000000000e+002	2.909000e-001
2.680000000000000e+002	2.766812e-001
2.690000000000000e+002	4.075997e-001
2.700000000000000e+002	-6.632447e-002
2.710000000000000e+002	5.335975e-001
2.720000000000000e+002	1.750793e-001
2.730000000000000e+002	1.335139e-001
2.740000000000000e+002	7.502913e-002
2.750000000000000e+002	2.558589e-002
2.760000000000000e+002	-2.070720e-001
2.770000000000000e+002	1.890230e-001
2.780000000000000e+002	1.602564e-001
2.790000000000000e+002	-4.007697e-001
2.800000000000000e+002	-1.484196e-001
2.810000000000000e+002	-2.701755e-001
2.820000000000000e+002	3.101444e-001
2.830000000000000e+002	8.705282e-002
2.840000000000000e+002	2.611828e-002
2.850000000000000e+002	1.541874e-001
2.860000000000000e+002	6.347384e-001
2.870000000000000e+002	-1.090055e-001
2.880000000000000e+002	-1.740215e-001
2.890000000000000e+002	1.259515e-001
2.900000000000000e+002	-1.868482e-001
2.910000000000000e+002	5.555367e-002
2.920000000000000e+002	2.470150e-001
2.930000000000000e+002	4.200852e-001
2.940000000000000e+002	4.872158e-001
2.950000000000000e+002	2.677944e-001
2.960000000000000e+002	1.774850e-001
2.970000000000000e+002	-9.331155e-002
2.980000000000000e+002	1.894343e-001
2.990000000000000e+002	-6.468773e-003
3.000000000000000e+002	3.734646e-001
3.010000000000000e+002	1.440556e-001
3.020000000000000e+002	8.260274e-002
3.030000000000000e+002	6.185198e-002
3.040000000000000e+002	-3.805912e-001
3.050000000000000e+002	-1.420612e-001
3.060000000000000e+002	2.512424e-001
3.070000000000000e+002	2.917213e-001
3.080000000000000e+002	-2.110026e-001
3.090000000000000e+002	-2.113485e-002
3.100000000000000e+002	-1.751764e-001
3.110000000000000e+002	-4.408526e-002
3.120000000000000e+002	-5.035388e-001
3.130000000000000e+002	-1.254263e-001
3.140000000000000e+002	-3.343523e-001
3.150000000000000e+002	7.202959e-002
3.160000000000000e+002	9.082961e-002
3.170000000000000e+002	-6.773543e-002
3.180000000000000e+002	-3.459744e-001
3.190000000000000e+002	1.827204e-001
3.200000000000000e+002	4.045196e-001
3.210000000000000e+002	-1.740494e-001
3.220000000000000e+002	2.153182e-002
3.230000000000000e+002	2.179153e-001
3.240000000000000e+002	-1.831281e-001
3.250000000000000e+002	-2.639685e-001
3.260000000000000e+002	-8.680820e-003
3.270000000000000e+002	4.943800e-002
3.280000000000000e+002	1.357646e-001
3.290000000000000e+002	-3.758292e-001
3.300000000000000e+002	8.997703e-002
3.310000000000000e+002	-1.099296e-001
3.320000000000000e+002	7.550859e-002
3.330000000000000e+002	-7.615638e-002
3.340000000000000e+002	-1.512406e-001
3.350000000000000e+002	-1.937847e-001
3.360000000000000e+002	7.442093e-002
3.370000000000000e+002	4.926271e-001
3.380000000000000e+002	-3.910668e-001
3.390000000000000e+002	-8.443165e-002
3.400000000000000e+002	-1.398420e-001
3.410000000000000e+002	2.357857e-001
3.420000000000000e+002	-3.741856e-001
3.430000000000000e+002	-3.191378e-001
3.440000000000000e+002	2.431483e-001
3.450000000000000e+002	9.870529e-002
3.460000000000000e+002	-3.364255e-001
3.470000000000000e+002	-9.677172e-002
3.480000000000000e+002	-9.609938e-002
3.490000000000000e+002	2.465870e-001
3.500000000000000e+002	-2.432909e-001
3.510000000000000e+002	-8.083248e-002
3.520000000000000e+002	-1.479743e-001
3.530000000000000e+002	1.279724e-001
3.540000000000000e+002	-4.130626e-002
3.550000000000000e+002	-1.712334e-001
3.560000000000000e+002	1.301765e-003
3.570000000000000e+002	9.530520e-002
3.580000000000000e+002	1.631906e-001
3.590000000000000e+002	-1.800163e-001
3.600000000000000e+002	-1.517503e-001
3.610000000000000e+002	-1.497245e-002
3.620000000000000e+002	-2.466564e-001
3.630000000000000e+002	1.873548e-001
3.640000000000000e+002	5.253768e-002
3.650000000000000e+002	-5.358458e-002
3.660000000000000e+002	-5.790982e-001
3.670000000000000e+002	7.525516e-002
3.680000000000000e+002	-1.445324e-001
3.690000000000000e+002	3.414130e-002
3.700000000000000e+002	-2.715533e-001
3.710000000000000e+002	-4.035218e-001
3.720000000000000e+002	2.617321e-001
3.730000000000000e+002	-1.303761e-001
3.740000000000000e+002	2.227778e-001
3.750000000000000e+002	4.198825e-001
3.760000000000000e+002	-7.761979e-002
3.770000000000000e+002	2.099121e-001
3.780000000000000e+002	-4.570949e-001
3.790000000000000e+002	3.035519e-001
3.800000000000000e+002	-3.901477e-001
3.810000000000000e+002	-4.110980e-002
3.820000000000000e+002	-1.907721e-001
3.830000000000000e+002	-2.233093e-001
3.840000000000000e+002	-3.185086e-001
3.850000000000000e+002	-6.069446e-001
3.860000000000000e+002	-1.310976e-001
3.870000000000000e+002	9.381008e-002
3.880000000000000e+002	-2.142911e-001
3.890000000000000e+002	-3.548241e-002
3.900000000000000e+002	-1.237438e-001
3.910000000000000e+002	-2.503729e-001
3.920000000000000e+002	5.700207e-002
3.930000000000000e+002	3.024008e-001
3.940000000000000e+002	-6.040287e-002
3.950000000000000e+002	-1.454875e-001
3.960000000000000e+002	7.154131e-002
3.970000000000000e+002	-5.097427e-001
3.980000000000000e+002	-9.009838e-004
3.990000000000000e+002	-3.997660e-001
4.000000000000000e+002	1.885979e-001
4.010000000000000e+002	-4.106677e-001
4.020000000000000e+002	-6.078863e-002
4.030000000000000e+002	4.457581e-001
4.040000000000000e+002	-8.911777e-002
4.050000000000000e+002	3.590822e-003
4.060000000000000e+002	6.118989e-002
4.070000000000000e+002	5.227971e-002
4.080000000000000e+002	-2.276192e-001
4.090000000000000e+002	-9.812427e-002
4.100000000000000e+002	-3.962679e-001
4.110000000000000e+002	-3.174143e-001
4.120000000000000e+002	-4.378319e-003
4.130000000000000e+002	-1.561170e-001
4.140000000000000e+002	2.871108e-002
4.150000000000000e+002	-7.796764e-003
4.160000000000000e+002	-3.163879e-001
4.170000000000000e+002	-2.454274e-001
4.180000000000000e+002	-3.884697e-002
4.190000000000000e+002	-2.046373e-001
4.200000000000000e+002	1.876059e-001
4.210000000000000e+002	-1.942325e-002
4.220000000000000e+002	-1.679280e-001
4.230000000000000e+002	6.838155e-002
4.240000000000000e+002	2.472353e-002
4.250000000000000e+002	3.797810e-001
4.260000000000000e+002	-1.004019e-001
4.270000000000000e+002	-1.178329e-001
4.280000000000000e+002	3.545296e-001
4.290000000000000e+002	-3.051085e-001
4.300000000000000e+002	-6.975007e-002
4.310000000000000e+002	-3.706412e-001
4.320000000000000e+002	-5.102134e-002
4.330000000000000e+002	3.223598e-001
4.340000000000000e+002	1.282454e-002
4.350000000000000e+002	-3.928471e-002
4.360000000000000e+002	2.715268e-001
4.370000000000000e+002	-3.077173e-002
4.380000000000000e+002	2.025516e-001
4.390000000000000e+002	2.294991e-001
4.400000000000000e+002	4.092562e-001
4.410000000000000e+002	-1.067011e-001
4.420000000000000e+002	-4.695899e-001
4.430000000000000e+002	-4.564209e-001
4.440000000000000e+002	-1.866975e-001
4.450000000000000e+002	-4.297535e-001
4.460000000000000e+002	1.815243e-001
4.470000000000000e+002	3.040581e-001
4.480000000000000e+002	1.127534e-001
4.490000000000000e+002	-2.852821e-002
4.500000000000000e+002	6.602263e-002
4.510000000000000e+002	8.445573e-002
4.520000000000000e+002	1.632011e-001
4.530000000000000e+002	-4.053569e-002
4.540000000000000e+002	-1.914120e-001
4.550000000000000e+002	5.679951e-001
4.560000000000000e+002	-4.225671e-001
4.570000000000000e+002	-3.349400e-002
4.580000000000000e+002	3.694854e-001
4.590000000000000e+002	1.513147e-001
4.600000000000000e+002	2.237570e-001
4.610000000000000e+002	-5.418358e-001
4.620000000000000e+002	-9.813690e-002
4.630000000000000e+002	2.967238e-001
4.640000000000000e+002	2.120547e-001
4.650000000000000e+002	1.726737e-001
4.660000000000000e+002	-2.973554e-001
4.670000000000000e+002	1.910715e-001
4.680000000000000e+002	-1.690826e-001
4.690000000000000e+002	4.643638e-001
4.700000000000000e+002	4.920664e-001
4.710000000000000e+002	2.210171e-001
4.720000000000000e+002	-1.948993e-001
4.730000000000000e+002	3.466868e-002
4.740000000000000e+002	9.279823e-002
4.750000000000000e+002	-2.122731e-001
4.760000000000000e+002	2.400999e-001
4.770000000000000e+002	-1.321287e-001
4.780000000000000e+002	6.519198e-002
4.790000000000000e+002	-3.655822e-001
4.800000000000000e+002	-1.991198e-001
4.810000000000000e+002	-7.952142e-002
4.820000000000000e+002	3.346057e-001
4.830000000000000e+002	-1.259449e-001
4.840000000000000e+002	3.242540e-001
4.850000000000000e+002	-3.638673e-001
4.860000000000000e+002	4.348266e-001
4.870000000000000e+002	1.224458e-001
4.880000000000000e+002	-1.821482e-001
4.890000000000000e+002	1.765838e-001
4.900000000000000e+002	-2.755911e-001
4.910000000000000e+002	-6.847000e-002
4.920000000000000e+002	-7.548499e-002
4.930000000000000e+002	-8.660007e-002
4.940000000000000e+002	-2.517822e-001
4.950000000000000e+002	1.055794e-001
4.960000000000000e+002	-1.350844e-001
4.970000000000000e+002	-2.377567e-001
4.980000000000000e+002	1.882243e-001
4.990000000000000e+002	3.124118e-002
5.000000000000000e+002	-2.115834e-001
5.010000000000000e+002	-6.472251e-001
5.020000000000000e+002	1.920249e-001
5.030000000000000e+002	-1.454165e-001
5.040000000000000e+002	4.896419e-001
5.050000000000000e+002	-4.577966e-001
5.060000000000000e+002	-3.477323e-001
5.070000000000000e+002	1.188297e-001
5.080000000000000e+002	1.879976e-001
5.090000000000000e+002	3.703642e-002
5.100000000000000e+002	-1.324272e-001
5.110000000000000e+002	-1.432562e-002
5.120000000000000e+002	-4.986231e-001
5.130000000000000e+002	-2.350411e-001
5.140000000000000e+002	1.384716e-001
5.150000000000000e+002	2.290721e-001
5.160000000000000e+002	2.985477e-002
5.170000000000000e+002	1.733515e-001
5.180000000000000e+002	1.835716e-001
5.190000000000000e+002	-1.490793e-001
5.200000000000000e+002	5.308747e-002
5.210000000000000e+002	3.800113e-001
5.220000000000000e+002	4.497590e-001
5.230000000000000e+002	-7.752800e-002
5.240000000000000e+002	9.924698e-002
5.250000000000000e+002	3.204134e-001
5.260000000000000e+002	6.694531e-002
5.270000000000000e+002	-2.815619e-001
5.280000000000000e+002	5.806375e-002
5.290000000000000e+002	-1.326516e-001
5.300000000000000e+002	-1.861885e-001
5.310000000000000e+002	1.058044e-001
5.320000000000000e+002	2.259133e-001
5.330000000000000e+002	1.828272e-001
5.340000000000000e+002	5.382061e-003
5.350000000000000e+002	1.928062e-001
5.360000000000000e+002	3.941312e-001
5.370000000000000e+002	1.350617e-002
5.380000000000000e+002	-1.760690e-001
5.390000000000000e+002	-1.448247e-001
5.400000000000000e+002	-2.196755e-001
5.410000000000000e+002	3.023982e-001
5.420000000000000e+002	-1.032856e-001
5.430000000000000e+002	-2.192824e-001
5.440000000000000e+002	-2.025762e-001
5.450000000000000e+002	-2.571468e-001
5.460000000000000e+002	1.664906e-001
5.470000000000000e+002	5.401287e-001
5.480000000000000e+002	4.091854e-001
5.490000000000000e+002	-5.067492e-002
5.500000000000000e+002	-3.360057e-001
5.510000000000000e+002	8.982182e-003
5.520000000000000e+002	1.112585e-001
5.530000000000000e+002	-1.597159e-001
5.540000000000000e+002	5.410404e-001
5.550000000000000e+002	-9.398866e-002
5.560000000000000e+002	1.215353e-001
5.570000000000000e+002	6.944919e-002
5.580000000000000e+002	7.032907e-001
5.590000000000000e+002	-2.349072e-001
5.600000000000000e+002	8.435416e-002
5.610000000000000e+002	-2.009549e-001
5.620000000000000e+002	-1.918890e-001
5.630000000000000e+002	2.431934e-001
5.640000000000000e+002	1.292374e-001
5.650000000000000e+002	-7.831025e-002
5.660000000000000e+002	1.426802e-001
5.670000000000000e+002	1.892319e-001
5.680000000000000e+002	1.887963e-001
5.690000000000000e+002	-1.223087e-001
5.700000000000000e+002	-9.447956e-002
5.710000000000000e+002	1.225593e-001
5.720000000000000e+002	2.413251e-001
5.730000000000000e+002	5.019641e-002
5.740000000000000e+002	-1.581457e-001
5.750000000000000e+002	1.261432e-001
5.760000000000000e+002	4.864168e-002
5.770000000000000e+002	7.580352e-002
5.780000000000000e+002	1.587961e-001
5.790000000000000e+002	8.415866e-002
5.800000000000000e+002	3.122211e-001
5.810000000000000e+002	1.188753e-001
5.820000000000000e+002	-3.608921e-001
5.830000000000000e+002	-1.272552e-001
5.840000000000000e+002	-2.645497e-001
5.850000000000000e+002	1.908591e-001
5.860000000000000e+002	-2.293055e-001
5.870000000000000e+002	-3.389425e-001
5.880000000000000e+002	1.549420e-001
5.890000000000000e+002	-1.784437e-001
5.900000000000000e+002	1.261330e-002
5.910000000000000e+002	3.795123e-002
5.920000000000000e+002	2.095373e-001
5.930000000000000e+002	1.732726e-001
5.940000000000000e+002	7.687659e-001
5.950000000000000e+002	1.717238e-001
5.960000000000000e+002	1.120462e-001
5.970000000000000e+002	-3.386841e-001
5.980000000000000e+002	-3.815651e-003
5.990000000000000e+002	-4.458303e-001
6.000000000000000e+002	1.169434e-001
6.010000000000000e+002	-1.306942e-001
6.020000000000000e+002	1.248329e-001
6.030000000000000e+002	-1.753407e-001
6.040000000000000e+002	-5.557704e-002
6.050000000000000e+002	-1.081970e-001
6.060000000000000e+002	-5.297542e-002
6.070000000000000e+002	-4.992843e-001
6.080000000000000e+002	4.934149e-001
6.090000000000000e+002	1.091745e-001
6.100000000000000e+002	-1.508324e-001
6.110000000000000e+002	1.922679e-002
6.120000000000000e+002	-5.118332e-001
6.130000000000000e+002	-4.553161e-001
6.140000000000000e+002	-1.507642e-001
6.150000000000000e+002	1.255665e-001
6.160000000000000e+002	-3.861151e-001
6.170000000000000e+002	2.810721e-001
6.180000000000000e+002	1.289358e-001
6.190000000000000e+002	-2.012696e-001
6.200000000000000e+002	2.837276e-002
6.210000000000000e+002	-2.555718e-001
6.220000000000000e+002	6.175327e-002
6.230000000000000e+002	-1.202843e-001
6.240000000000000e+002	1.371913e-001
6.250000000000000e+002	-1.124732e-001
6.260000000000000e+002	1.998038e-001
6.270000000000000e+002	1.445401e-001
6.280000000000000e+002	4.141307e-001
6.290000000000000e+002	1.740842e-001
6.300000000000000e+002	1.472661e-001
6.310000000000000e+002	3.200972e-001
6.320000000000000e+002	-3.146052e-002
6.330000000000000e+002	1.440749e-001
6.340000000000000e+002	-1.801035e-001
6.350000000000000e+002	8.851385e-002
6.360000000000000e+002	2.380371e-003
6.370000000000000e+002	-4.301491e-001
6.380000000000000e+002	-1.756430e-003
6.390000000000000e+002	-1.418266e-001
6.400000000000000e+002	4.631996e-003
6.410000000000000e+002	-4.249818e-001
6.420000000000000e+002	-4.614346e-001
6.430000000000000e+002	-3.756452e-001
6.440000000000000e+002	-3.624544e-001
6.450000000000000e+002	-1.854978e-001
6.460000000000000e+002	4.511118e-002
6.470000000000000e+002	1.360703e-001
6.480000000000000e+002	-8.098507e-002
6.490000000000000e+002	-5.554714e-001
6.500000000000000e+002	5.476277e-001
6.510000000000000e+002	-2.439458e-001
6.520000000000000e+002	4.314516e-001
6.530000000000000e+002	-2.681549e-001
6.540000000000000e+002	2.029612e-001
6.550000000000000e+002	-7.138705e-002
6.560000000000000e+002	1.511540e-001
6.570000000000000e+002	8.932543e-002
6.580000000000000e+002	-2.295520e-001
6.590000000000000e+002	-6.315732e-002
6.600000000000000e+002	-8.047414e-002
6.610000000000000e+002	-1.568074e-001
6.620000000000000e+002	-1.565003e-002
6.630000000000000e+002	-4.045208e-001
6.640000000000000e+002	3.683012e-001
6.650000000000000e+002	3.909397e-002
6.660000000000000e+002	1.083233e-001
6.670000000000000e+002	2.110844e-001
6.680000000000000e+002	3.052566e-001
6.690000000000000e+002	-1.470432e-001
6.700000000000000e+002	2.178640e-001
6.710000000000000e+002	1.504185e-001
6.720000000000000e+002	1.510637e-001
6.730000000000000e+002	1.162617e-001
6.740000000000000e+002	4.106629e-001
6.750000000000000e+002	-3.556888e-001
6.760000000000000e+002	-4.867172e-002
6.770000000000000e+002	-2.052572e-001
6.780000000000000e+002	2.806425e-003
6.790000000000000e+002	-3.663580e-001
6.800000000000000e+002	4.538393e-002
6.810000000000000e+002	1.509278e-001
6.820000000000000e+002	-1.286979e-001
6.830000000000000e+002	1.097577e-001
6.840000000000000e+002	-3.264856e-001
6.850000000000000e+002	3.775105e-001
6.860000000000000e+002	1.464510e-001
6.870000000000000e+002	-4.161937e-001
6.880000000000000e+002	3.780723e-002
6.890000000000000e+002	-3.690679e-001
6.900000000000000e+002	7.400322e-002
6.910000000000000e+002	1.907551e-001
6.920000000000000e+002	2.205608e-001
6.930000000000000e+002	-1.932020e-001
6.940000000000000e+002	1.703110e-001
6.950000000000000e+002	2.686648e-001
6.960000000000000e+002	2.433412e-001
6.970000000000000e+002	-1.899016e-001
6.980000000000000e+002	-1.434519e-001
6.990000000000000e+002	3.869748e-001
7.000000000000000e+002	5.323887e-004
7.010000000000000e+002	4.267771e-001
7.020000000000000e+002	-3.599238e-002
7.030000000000000e+002	1.162677e-001
7.040000000000000e+002	7.255628e-001
7.050000000000000e+002	5.461559e-001
7.060000000000000e+002	-2.050512e-001
7.070000000000000e+002	2.396574e-001
7.080000000000000e+002	2.779279e-001
7.090000000000000e+002	-2.444475e-001
7.100000000000000e+002	-2.955437e-002
7.110000000000000e+002	-2.234242e-001
7.120000000000000e+002	1.487899e-001
7.130000000000000e+002	-7.058859e-002
7.140000000000000e+002	1.277001e-001
7.150000000000000e+002	2.134190e-001
7.160000000000000e+002	-6.346679e-002
7.170000000000000e+002	8.439612e-002
7.180000000000000e+002	1.655288e-001
7.190000000000000e+002	-8.947635e-002
7.200000000000000e+002	-1.659322e-002
7.210000000000000e+002	1.304450e-001
7.220000000000000e+002	2.723551e-002
7.230000000000000e+002	-1.874952e-001
7.240000000000000e+002	-2.983670e-001
7.250000000000000e+002	2.147920e-001
7.260000000000000e+002	-5.075216e-003
7.270000000000000e+002	-1.152234e-001
7.280000000000000e+002	-2.195928e-001
7.290000000000000e+002	5.232980e-001
7.300000000000000e+002	1.921558e-001
7.310000000000000e+002	2.891397e-002
7.320000000000000e+002	3.573818e-001
7.330000000000000e+002	-2.363040e-001
7.340000000000000e+002	7.477190e-001
7.350000000000000e+002	-4.930329e-002
7.360000000000000e+002	9.771204e-002
7.370000000000000e+002	2.047276e-001
7.380000000000000e+002	3.205514e-001
7.390000000000000e+002	3.371432e-001
7.400000000000000e+002	-1.109297e-001
7.410000000000000e+002	2.965543e-001
7.420000000000000e+002	1.720846e-001
7.430000000000000e+002	3.029678e-001
7.440000000000000e+002	7.082486e-002
7.450000000000000e+002	3.234186e-001
7.460000000000000e+002	1.354287e-001
7.470000000000000e+002	-1.523461e-001
7.480000000000000e+002	-1.226926e-002
7.490000000000000e+002	-4.205568e-001
7.500000000000000e+002	-4.738662e-001
7.510000000000000e+002	-1.764619e-001
7.520000000000000e+002	-2.222385e-001
7.530000000000000e+002	-8.360076e-002
7.540000000000000e+002	-1.794329e-001
7.550000000000000e+002	-1.671958e-002
7.560000000000000e+002	-2.482724e-002
7.570000000000000e+002	2.803063e-002
7.580000000000000e+002	1.754317e-001
7.590000000000000e+002	4.621339e-002
7.600000000000000e+002	-3.270986e-001
7.610000000000000e+002	-6.666124e-001
7.620000000000000e+002	-4.295967e-001
7.630000000000000e+002	1.759734e-001
7.640000000000000e+002	1.679616e-001
7.650000000000000e+002	-7.333517e-002
7.660000000000000e+002	1.627586e-001
7.670000000000000e+002	-7.290292e-002
7.680000000000000e+002	3.673208e-001
7.690000000000000e+002	-2.549510e-001
7.700000000000000e+002	-5.252593e-001
7.710000000000000e+002	-3.710270e-001
7.720000000000000e+002	-2.282381e-002
7.730000000000000e+002	-1.325600e-001
7.740000000000000e+002	4.149551e-001
7.750000000000000e+002	1.006248e-001
7.760000000000000e+002	-4.479706e-001
7.770000000000000e+002	-1.881101e-001
7.780000000000000e+002	2.315540e-001
7.790000000000000e+002	1.564770e-001
7.800000000000000e+002	5.697632e-002
7.810000000000000e+002	4.301236e-001
7.820000000000000e+002	3.415644e-001
7.830000000000000e+002	-9.079194e-002
7.840000000000000e+002	7.100821e-002
7.850000000000000e+002	2.132976e-001
7.860000000000000e+002	-2.870412e-001
7.870000000000000e+002	-1.158495e-001
7.880000000000000e+002	-1.180861e-001
7.890000000000000e+002	-1.201882e-001
7.900000000000000e+002	-4.760711e-001
7.910000000000000e+002	5.054181e-001
7.920000000000000e+002	6.250777e-001
7.930000000000000e+002	-6.130219e-003
7.940000000000000e+002	-4.768491e-002
7.950000000000000e+002	-2.427001e-001
7.960000000000000e+002	-3.003736e-001
7.970000000000000e+002	1.943102e-001
7.980000000000000e+002	-2.811511e-001
7.990000000000000e+002	2.296958e-001
8.000000000000000e+002	3.513629e-001
8.010000000000000e+002	-6.982660e-002
8.020000000000000e+002	-2.984397e-001
8.030000000000000e+002	2.390828e-001
8.040000000000000e+002	2.420361e-001
8.050000000000000e+002	4.995635e-001
8.060000000000000e+002	3.695209e-001
8.070000000000000e+002	-1.418586e-001
8.080000000000000e+002	1.860938e-001
8.090000000000000e+002	4.002988e-001
8.100000000000000e+002	-3.568618e-001
8.110000000000000e+002	4.130716e-001
8.120000000000000e+002	4.378457e-001
8.130000000000000e+002	-3.284023e-001
8.140000000000000e+002	6.472731e-002
8.150000000000000e+002	3.369832e-002
8.160000000000000e+002	6.860750e-001
8.170000000000000e+002	-1.316428e-001
8.180000000000000e+002	-5.537486e-002
8.190000000000000e+002	-1.279030e-001
8.200000000000000e+002	-7.866848e-001
8.210000000000000e+002	1.915598e-002
8.220000000000000e+002	-2.713139e-001
8.230000000000000e+002	5.165572e-001
8.240000000000000e+002	1.003129e-001
8.250000000000000e+002	-3.904219e-001
8.260000000000000e+002	2.645023e-001
8.270000000000000e+002	-1.008298e-001
8.280000000000000e+002	5.421185e-002
8.290000000000000e+002	3.092785e-001
8.300000000000000e+002	-3.278825e-001
8.310000000000000e+002	2.421832e-001
8.320000000000000e+002	-1.884048e-001
8.330000000000000e+002	-4.542961e-001
8.340000000000000e+002	-2.907467e-002
8.350000000000000e+002	1.035841e-001
8.360000000000000e+002	5.140986e-001
8.370000000000000e+002	-2.357812e-001
8.380000000000000e+002	-1.106262e-001
8.390000000000000e+002	2.526836e-001
8.400000000000000e+002	4.135067e-001
8.410000000000000e+002	6.810904e-003
8.420000000000000e+002	4.992752e-001
8.430000000000000e+002	2.974463e-002
8.440000000000000e+002	-5.490851e-002
8.450000000000000e+002	-6.298535e-001
8.460000000000000e+002	-1.174786e-001
8.470000000000000e+002	-6.731987e-002
8.480000000000000e+002	2.633810e-002
8.490000000000000e+002	-3.791332e-002
8.500000000000000e+002	-2.167499e-001
8.510000000000000e+002	-3.813109e-001
8.520000000000000e+002	2.098036e-002
8.530000000000000e+002	-2.604833e-001
8.540000000000000e+002	-4.728796e-001
8.550000000000000e+002	3.991840e-001
8.560000000000000e+002	-3.047333e-001
8.570000000000000e+002	2.398212e-001
8.580000000000000e+002	-1.721466e-001
8.590000000000000e+002	-1.182840e-001
8.600000000000000e+002	1.008019e-001
8.610000000000000e+002	9.987855e-002
8.620000000000000e+002	-1.848886e-001
8.630000000000000e+002	-3.516572e-001
8.640000000000000e+002	-4.844241e-001
8.650000000000000e+002	2.297156e-001
8.660000000000000e+002	-8.398747e-002
8.670000000000000e+002	3.414311e-001
8.680000000000000e+002	-3.645594e-001
8.690000000000000e+002	-3.995678e-001
8.700000000000000e+002	1.204233e-001
8.710000000000000e+002	1.608088e-001
8.720000000000000e+002	-8.098245e-002
8.730000000000000e+002	-1.701324e-001
8.740000000000000e+002	-2.631781e-001
8.750000000000000e+002	4.692173e-002
8.760000000000000e+002	1.802824e-001
8.770000000000000e+002	2.107906e-001
8.780000000000000e+002	3.822770e-001
8.790000000000000e+002	-1.399965e-001
8.800000000000000e+002	-3.462546e-001
8.810000000000000e+002	-1.273680e-001
8.820000000000000e+002	-7.714462e-002
8.830000000000000e+002	-1.188252e-001
8.840000000000000e+002	-2.096007e-001
8.850000000000000e+002	2.260573e-001
8.860000000000000e+002	-2.761316e-001
8.870000000000000e+002	3.666120e-001
8.880000000000000e+002	1.212633e-001
8.890000000000000e+002	2.486489e-001
8.900000000000000e+002	2.234218e-001
8.910000000000000e+002	4.490008e-001
8.920000000000000e+002	1.190698e-001
8.930000000000000e+002	-2.335825e-001
8.940000000000000e+002	-1.128016e-001
8.950000000000000e+002	1.306438e-001
8.960000000000000e+002	5.055759e-001
8.970000000000000e+002	-1.112731e-001
8.980000000000000e+002	3.091972e-001
8.990000000000000e+002	2.653189e-001
9.000000000000000e+002	-3.314533e-001
9.010000000000000e+002	2.870047e-001
9.020000000000000e+002	-1.539557e-001
9.030000000000000e+002	2.146485e-001
9.040000000000000e+002	-8.000922e-002
9.050000000000000e+002	-3.631008e-001
9.060000000000000e+002	-3.637838e-002
9.070000000000000e+002	-2.215471e-001
9.080000000000000e+002	-2.860546e-003
9.090000000000000e+002	1.167126e-001
9.100000000000000e+002	9.413290e-002
9.110000000000000e+002	4.408836e-003
9.120000000000000e+002	-1.984749e-001
9.130000000000000e+002	2.797844e-001
9.140000000000000e+002	-2.777019e-001
9.150000000000000e+002	-5.521774e-004
9.160000000000000e+002	9.775138e-002
9.170000000000000e+002	3.057659e-001
9.180000000000000e+002	5.460072e-002
9.190000000000000e+002	1.815333e-001
9.200000000000000e+002	2.367418e-001
9.210000000000000e+002	3.249757e-001
9.220000000000000e+002	3.201177e-001
9.230000000000000e+002	-6.628156e-002
9.240000000000000e+002	-1.623123e-001
9.250000000000000e+002	-1.773119e-002
9.260000000000000e+002	1.380961e-001
9.270000000000000e+002	4.471898e-002
9.280000000000000e+002	3.150272e-001
9.290000000000000e+002	1.325297e-001
9.300000000000000e+002	1.687980e-002
9.310000000000000e+002	9.477973e-002
9.320000000000000e+002	-1.288667e-001
9.330000000000000e+002	2.518079e-001
9.340000000000000e+002	-1.294181e-001
9.350000000000000e+002	2.480764e-001
9.360000000000000e+002	1.626945e-001
9.370000000000000e+002	7.908559e-002
9.380000000000000e+002	4.285138e-001
9.390000000000000e+002	-4.573300e-001
9.400000000000000e+002	8.773541e-002
9.410000000000000e+002	-1.811037e-001
9.420000000000000e+002	5.553579e-002
9.430000000000000e+002	1.909437e-001
9.440000000000000e+002	-1.917570e-001
9.450000000000000e+002	-4.618576e-001
9.460000000000000e+002	-1.592534e-001
9.470000000000000e+002	5.529182e-001
9.480000000000000e+002	3.099184e-001
9.490000000000000e+002	1.712646e-001
9.500000000000000e+002	-2.149076e-001
9.510000000000000e+002	3.014827e-002
9.520000000000000e+002	-2.250860e-001
9.530000000000000e+002	-2.061083e-001
9.540000000000000e+002	-1.515751e-001
9.550000000000000e+002	3.119946e-003
9.560000000000000e+002	-9.299302e-002
9.570000000000000e+002	1.098714e-001
9.580000000000000e+002	-1.063399e-001
9.590000000000000e+002	3.731060e-002
9.600000000000000e+002	9.605122e-002
9.610000000000000e+002	3.050776e-001
9.620000000000000e+002	-3.278399e-001
9.630000000000000e+002	9.058595e-002
9.640000000000000e+002	-3.771307e-001
9.650000000000000e+002	1.340413e-001
9.660000000000000e+002	2.880781e-001
9.670000000000000e+002	4.446824e-001
9.680000000000000e+002	-2.546811e-002
9.690000000000000e+002	-4.176328e-001
9.700000000000000e+002	-9.318113e-003
9.710000000000000e+002	-4.611540e-002
9.720000000000000e+002	-2.298675e-001
9.730000000000000e+002	-5.014086e-002
9.740000000000000e+002	-3.901935e-001
9.750000000000000e+002	1.092653e-001
9.760000000000000e+002	-1.245146e-001
9.770000000000000e+002	2.023654e-001
9.780000000000000e+002	5.624914e-002
9.790000000000000e+002	-4.230261e-001
9.800000000000000e+002	1.854751e-001
9.810000000000000e+002	1.115093e-001
9.820000000000000e+002	5.142775e-001
9.830000000000000e+002	1.754799e-001
9.840000000000000e+002	3.450806e-001
9.850000000000000e+002	-1.742835e-001
9.860000000000000e+002	-2.479339e-002
9.870000000000000e+002	-9.176946e-002
9.880000000000000e+002	1.561518e-001
9.890000000000000e+002	-1.596341e-001
9.900000000000000e+002	-2.031085e-001
9.910000000000000e+002	-4.540634e-002
9.920000000000000e+002	5.478022e-001
9.930000000000000e+002	-2.878556e-001
9.940000000000000e+002	-3.241301e-003
9.950000000000000e+002	2.013063e-002
9.960000000000000e+002	-3.789949e-001
9.970000000000000e+002	2.048116e-001
9.980000000000000e+002	5.379384e-001
9.990000000000000e+002	-2.864177e-001
1.000000000000000e+003	1.738334e-002
1.001000000000000e+003	-2.971265e-001
1.002000000000000e+003	-1.784782e-001
1.003000000000000e+003	3.762429e-001
1.004000000000000e+003	-2.775710e-001
1.005000000000000e+003	2.921808e-001
1.006000000000000e+003	-5.325603e-002
1.007000000000000e+003	6.431127e-002
1.008000000000000e+003	-2.039976e-001
1.009000000000000e+003	-2.589829e-001
1.010000000000000e+003	9.175110e-002
1.011000000000000e+003	5.078466e-001
1.012000000000000e+003	3.152301e-001
1.013000000000000e+003	3.195164e-001
1.014000000000000e+003	-1.793408e-001
1.015000000000000e+003	-5.894351e-002
1.016000000000000e+003	3.878846e-001
1.017000000000000e+003	1.625090e-001
1.018000000000000e+003	-4.234996e-001
1.019000000000000e+003	-5.209208e-002
1.020000000000000e+003	-5.888255e-001
1.021000000000000e+003	4.115357e-001
1.022000000000000e+003	-3.321111e-001
1.023000000000000e+003	2.928996e-002
1.024000000000000e+003	4.770293e-001
1.025000000000000e+003	-8.571720e-002
1.026000000000000e+003	-1.326156e-001
1.027000000000000e+003	9.979367e-002
1.028000000000000e+003	-4.188554e-001
1.029000000000000e+003	-2.780516e-001
1.030000000000000e+003	2.943313e-001
1.031000000000000e+003	3.698874e-002
1.032000000000000e+003	5.693254e-001
1.033000000000000e+003	-1.640830e-001
1.034000000000000e+003	1.484101e-001
1.035000000000000e+003	5.152750e-002
1.036000000000000e+003	-2.770967e-001
1.037000000000000e+003	2.287204e-001
1.038000000000000e+003	-1.425633e-001
1.039000000000000e+003	-1.821063e-001
1.040000000000000e+003	2.337070e-001
1.041000000000000e+003	-2.275455e-001
1.042000000000000e+003	-2.241819e-001
1.043000000000000e+003	2.481699e-001
1.044000000000000e+003	1.574056e-001
1.045000000000000e+003	1.491022e-001
1.046000000000000e+003	-3.412538e-001
1.047000000000000e+003	4.602835e-001
1.048000000000000e+003	1.080432e-001
1.049000000000000e+003	1.118548e-001
1.050000000000000e+003	2.467144e-001
1.051000000000000e+003	2.556176e-001
1.052000000000000e+003	2.325420e-001
1.053000000000000e+003	6.283569e-001
1.054000000000000e+003	-3.206539e-001
1.055000000000000e+003	-4.762590e-001
1.056000000000000e+003	-3.322794e-001
1.057000000000000e+003	-1.803050e-001
1.058000000000000e+003	-1.046259e-001
1.059000000000000e+003	7.397079e-002
1.060000000000000e+003	2.122183e-001
1.061000000000000e+003	-1.195292e-001
1.062000000000000e+003	-1.586490e-001
1.063000000000000e+003	3.492050e-001
1.064000000000000e+003	-4.922819e-001
1.065000000000000e+003	1.293671e-001
1.066000000000000e+003	-1.806040e-001
1.067000000000000e+003	-2.716439e-001
1.068000000000000e+003	-4.590130e-001
1.069000000000000e+003	3.450029e-001
1.070000000000000e+003	6.585574e-002
1.071000000000000e+003	4.934294e-001
1.072000000000000e+003	-3.866096e-001
1.073000000000000e+003	6.314325e-002
1.074000000000000e+003	2.346454e-001
1.075000000000000e+003	8.816099e-002
1.076000000000000e+003	3.034205e-001
1.077000000000000e+003	7.089589e-001
1.078000000000000e+003	-1.088147e-001
1.079000000000000e+003	-3.320959e-001
1.080000000000000e+003	1.375837e-001
1.081000000000000e+003	-5.290260e-001
1.082000000000000e+003	-1.033130e-001
1.083000000000000e+003	-2.128837e-001
1.084000000000000e+003	4.906523e-001
1.085000000000000e+003	-2.026668e-001
1.086000000000000e+003	-3.338554e-001
1.087000000000000e+003	5.691051e-003
1.088000000000000e+003	2.091870e-001
1.089000000000000e+003	8.382440e-002
1.090000000000000e+003	-5.574427e-001
1.091000000000000e+003	-1.878977e-001
1.092000000000000e+003	4.036672e-001
1.093000000000000e+003	-2.361488e-002
1.094000000000000e+003	2.893808e-001
1.095000000000000e+003	-1.309273e-001
1.096000000000000e+003	-1.896272e-001
1.097000000000000e+003	-5.576944e-002
1.098000000000000e+003	-1.610970e-002
1.099000000000000e+003	7.043767e-002
1.100000000000000e+003	3.087041e-001
1.101000000000000e+003	4.256094e-001
1.102000000000000e+003	-5.784714e-001
1.103000000000000e+003	4.239805e-001
1.104000000000000e+003	-4.502506e-001
1.105000000000000e+003	3.700216e-001
1.106000000000000e+003	3.150733e-001
1.107000000000000e+003	1.461194e-001
1.108000000000000e+003	8.930731e-002
1.109000000000000e+003	-3.753114e-002
1.110000000000000e+003	-2.779608e-001
1.111000000000000e+003	-3.583624e-001
1.112000000000000e+003	-9.945941e-002
1.113000000000000e+003	7.295907e-001
1.114000000000000e+003	-3.288724e-001
1.115000000000000e+003	8.055758e-002
1.116000000000000e+003	9.410381e-003
1.117000000000000e+003	-4.243851e-001
1.118000000000000e+003	-1.932764e-001
1.119000000000000e+003	-3.061795e-002
1.120000000000000e+003	3.068924e-003
1.121000000000000e+003	1.081681e-002
1.122000000000000e+003	1.167760e-001
1.123000000000000e+003	-1.218643e-001
1.124000000000000e+003	-1.397841e-001
1.125000000000000e+003	-2.281492e-001
1.126000000000000e+003	-3.893483e-001
1.127000000000000e+003	-1.458063e-001
1.128000000000000e+003	-5.699086e-002
1.129000000000000e+003	-1.290417e-002
1.130000000000000e+003	4.221509e-001
1.131000000000000e+003	4.015212e-001
1.132000000000000e+003	-1.777267e-002
1.133000000000000e+003	-1.052370e-001
1.134000000000000e+003	-4.843931e-001
1.135000000000000e+003	-1.795912e-002
1.136000000000000e+003	-2.284307e-001
1.137000000000000e+003	1.543117e-002
1.138000000000000e+003	-1.931403e-001
1.139000000000000e+003	2.791197e-001
1.140000000000000e+003	2.100451e-001
1.141000000000000e+003	3.966985e-001
1.142000000000000e+003	-5.851936e-002
1.143000000000000e+003	-3.529270e-001
1.144000000000000e+003	4.347329e-001
1.145000000000000e+003	2.738237e-003
1.146000000000000e+003	-5.928264e-001
1.147000000000000e+003	-4.272690e-001
1.148000000000000e+003	-9.452295e-002
1.149000000000000e+003	-3.839884e-001
1.150000000000000e+003	-8.504081e-002
1.151000000000000e+003	2.492332e-002
1.152000000000000e+003	-2.308497e-001
1.153000000000000e+003	-9.454989e-002
1.154000000000000e+003	-5.937226e-001
1.155000000000000e+003	8.952284e-002
1.156000000000000e+003	-6.411881e-001
1.157000000000000e+003	-8.850098e-003
1.158000000000000e+003	2.818971e-001
1.159000000000000e+003	4.644458e-001
1.160000000000000e+003	3.744316e-002
1.161000000000000e+003	-2.432323e-002
1.162000000000000e+003	3.878367e-001
1.163000000000000e+003	4.482245e-001
1.164000000000000e+003	-2.644875e-001
1.165000000000000e+003	-2.485342e-001
1.166000000000000e+003	1.284704e-001
1.167000000000000e+003	2.238960e-001
1.168000000000000e+003	-4.218786e-001
1.169000000000000e+003	1.333253e-001
1.170000000000000e+003	-1.694221e-001
1.171000000000000e+003	2.241714e-001
1.172000000000000e+003	-4.956701e-001
1.173000000000000e+003	-4.267907e-002
1.174000000000000e+003	-1.906528e-001
1.175000000000000e+003	-4.712145e-001
1.176000000000000e+003	1.974626e-001
1.177000000000000e+003	3.028576e-001
1.178000000000000e+003	1.742949e-001
1.179000000000000e+003	-1.564422e-001
1.180000000000000e+003	-3.714752e-002
1.181000000000000e+003	2.493541e-001
1.182000000000000e+003	1.734586e-001
1.183000000000000e+003	5.047321e-002
1.184000000000000e+003	1.809177e-001
1.185000000000000e+003	2.992628e-001
1.186000000000000e+003	2.241204e-001
1.187000000000000e+003	-1.975110e-001
1.188000000000000e+003	-6.460118e-002
1.189000000000000e+003	3.417346e-001
1.190000000000000e+003	2.835169e-001
1.191000000000000e+003	-3.486540e-001
1.192000000000000e+003	4.268713e-001
1.193000000000000e+003	-3.190002e-001
1.194000000000000e+003	2.007029e-001
1.195000000000000e+003	5.879807e-002
1.196000000000000e+003	-2.972021e-001
1.197000000000000e+003	3.044343e-001
1.198000000000000e+003	1.236827e-001
1.199000000000000e+003	-4.961755e-001
1.200000000000000e+003	-2.908409e-001
1.201000000000000e+003	4.320240e-002
1.202000000000000e+003	-2.732620e-001
1.203000000000000e+003	-2.558429e-001
1.204000000000000e+003	8.924484e-002
1.205000000000000e+003	2.859838e-001
1.206000000000000e+003	4.797502e-001
1.207000000000000e+003	3.780320e-001
1.208000000000000e+003	3.453240e-001
1.209000000000000e+003	4.083645e-001
1.210000000000000e+003	-5.108237e-002
1.211000000000000e+003	6.447825e-001
1.212000000000000e+003	-4.902363e-002
1.213000000000000e+003	-9.530020e-002
1.214000000000000e+003	-5.134573e-001
1.215000000000000e+003	-3.385913e-001
1.216000000000000e+003	-3.579409e-001
1.217000000000000e+003	-6.653004e-001
1.218000000000000e+003	1.460729e-001
1.219000000000000e+003	7.726026e-002
1.220000000000000e+003	5.332274e-001
1.221000000000000e+003	-2.626867e-001
1.222000000000000e+003	-1.407428e-001
1.223000000000000e+003	-8.898067e-002
1.224000000000000e+003	-5.152125e-001
1.225000000000000e+003	-1.682565e-001
1.226000000000000e+003	-4.385564e-001
1.227000000000000e+003	2.998593e-001
1.228000000000000e+003	-6.941628e-001
1.229000000000000e+003	-7.050848e-002
1.230000000000000e+003	1.508646e-001
1.231000000000000e+003	5.655289e-003
1.232000000000000e+003	3.634083e-001
1.233000000000000e+003	4.741430e-003
1.234000000000000e+003	1.770902e-001
1.235000000000000e+003	-2.120042e-002
1.236000000000000e+003	-1.597607e-001
1.237000000000000e+003	-2.711225e-001
1.238000000000000e+003	3.333380e-001
1.239000000000000e+003	1.346924e-001
1.240000000000000e+003	-3.036296e-001
1.241000000000000e+003	1.731765e-001
1.242000000000000e+003	3.459344e-001
1.243000000000000e+003	-4.792333e-002
1.244000000000000e+003	1.118166e-001
1.245000000000000e+003	6.585264e-002
1.246000000000000e+003	-1.285255e-001
1.247000000000000e+003	-3.306315e-001
1.248000000000000e+003	2.151256e-001
1.249000000000000e+003	-6.369367e-001
1.250000000000000e+003	2.776890e-001
1.251000000000000e+003	-1.415823e-001
1.252000000000000e+003	3.722243e-001
1.253000000000000e+003	2.157845e-001
1.254000000000000e+003	1.129949e-001
1.255000000000000e+003	6.205862e-001
1.256000000000000e+003	-3.490615e-001
1.257000000000000e+003	-3.078337e-001
1.258000000000000e+003	8.186102e-002
1.259000000000000e+003	-3.492815e-001
1.260000000000000e+003	8.238530e-002
1.261000000000000e+003	2.617977e-001
1.262000000000000e+003	-4.166803e-001
1.263000000000000e+003	-4.269838e-001
1.264000000000000e+003	4.326062e-001
1.265000000000000e+003	-2.770207e-001
1.266000000000000e+003	-4.617975e-001
1.267000000000000e+003	2.422614e-001
1.268000000000000e+003	-5.292232e-001
1.269000000000000e+003	-1.035290e-001
1.270000000000000e+003	-3.654377e-001
1.271000000000000e+003	-1.552367e-002
1.272000000000000e+003	-1.608706e-001
1.273000000000000e+003	2.376950e-001
1.274000000000000e+003	-2.401376e-001
1.275000000000000e+003	-1.685429e-001
1.276000000000000e+003	1.718154e-001
1.277000000000000e+003	1.309357e-001
1.278000000000000e+003	2.087860e-001
1.279000000000000e+003	2.334714e-001
1.280000000000000e+003	-2.057569e-001
1.281000000000000e+003	2.282386e-001
1.282000000000000e+003	-8.872342e-002
1.283000000000000e+003	2.129772e-001
1.284000000000000e+003	-1.895943e-001
1.285000000000000e+003	1.739473e-001
1.286000000000000e+003	3.191278e-001
1.287000000000000e+003	1.000028e-001
1.288000000000000e+003	-1.592433e-001
1.289000000000000e+003	6.654263e-004
1.290000000000000e+003	-2.525737e-001
1.291000000000000e+003	8.592463e-002
1.292000000000000e+003	-1.089931e-002
1.293000000000000e+003	-3.022618e-001
1.294000000000000e+003	-3.965330e-002
1.295000000000000e+003	-1.422551e-001
1.296000000000000e+003	5.751631e-001
1.297000000000000e+003	-5.045357e-001
1.298000000000000e+003	-5.835676e-002
1.299000000000000e+003	-1.390238e-001
1.300000000000000e+003	5.328891e-001
1.301000000000000e+003	6.099703e-001
1.302000000000000e+003	-3.262544e-002
1.303000000000000e+003	1.005225e-001
1.304000000000000e+003	-3.326452e-001
1.305000000000000e+003	4.024417e-001
1.306000000000000e+003	-2.664471e-001
1.307000000000000e+003	4.614918e-001
1.308000000000000e+003	-5.069041e-002
1.309000000000000e+003	-1.567063e-001
1.310000000000000e+003	-1.867056e-001
1.311000000000000e+003	2.522001e-001
1.312000000000000e+003	4.584122e-002
1.313000000000000e+003	-1.483922e-001
1.314000000000000e+003	-2.522526e-001
1.315000000000000e+003	5.108123e-001
1.316000000000000e+003	-1.105349e-001
1.317000000000000e+003	-1.794443e-001
1.318000000000000e+003	-9.097981e-002
1.319000000000000e+003	4.162502e-002
1.320000000000000e+003	-1.508963e-001
1.321000000000000e+003	4.003119e-002
1.322000000000000e+003	1.217284e-001
1.323000000000000e+003	8.081937e-002
1.324000000000000e+003	1.568487e-001
1.325000000000000e+003	1.998839e-001
1.326000000000000e+003	1.889715e-001
1.327000000000000e+003	1.022465e-001
1.328000000000000e+003	-3.682740e-001
1.329000000000000e+003	4.084997e-001
1.330000000000000e+003	6.383281e-001
1.331000000000000e+003	4.430785e-001
1.332000000000000e+003	-2.948682e-001
1.333000000000000e+003	-2.627151e-001
1.334000000000000e+003	1.965008e-001
1.335000000000000e+003	2.982121e-001
1.336000000000000e+003	-1.178458e-001
1.337000000000000e+003	-8.562970e-002
1.338000000000000e+003	9.181666e-002
1.339000000000000e+003	-1.517038e-001
1.340000000000000e+003	-3.167431e-001
1.341000000000000e+003	3.714371e-001
1.342000000000000e+003	-2.079265e-001
1.343000000000000e+003	-8.279729e-002
1.344000000000000e+003	2.587285e-001
1.345000000000000e+003	-1.668987e-001
1.346000000000000e+003	-6.243944e-003
1.347000000000000e+003	9.184766e-002
1.348000000000000e+003	-1.644969e-002
1.349000000000000e+003	-1.160192e-001
1.350000000000000e+003	3.771479e-001
1.351000000000000e+003	-3.424141e-001
1.352000000000000e+003	3.260884e-001
1.353000000000000e+003	6.729913e-002
1.354000000000000e+003	7.118988e-002
1.355000000000000e+003	2.584159e-001
1.356000000000000e+003	3.926687e-001
1.357000000000000e+003	-1.777015e-001
1.358000000000000e+003	2.044439e-002
1.359000000000000e+003	1.593184e-001
1.360000000000000e+003	1.239271e-001
1.361000000000000e+003	-8.957148e-003
1.362000000000000e+003	5.163305e-001
1.363000000000000e+003	3.868549e-001
1.364000000000000e+003	2.944036e-001
1.365000000000000e+003	-1.508322e-001
1.366000000000000e+003	4.926775e-001
1.367000000000000e+003	-1.042881e-001
1.368000000000000e+003	2.125819e-001
1.369000000000000e+003	-1.975369e-002
1.370000000000000e+003	1.435425e-001
1.371000000000000e+003	-4.712644e-001
1.372000000000000e+003	9.313345e-003
1.373000000000000e+003	5.352786e-001
1.374000000000000e+003	4.266500e-001
1.375000000000000e+003	-3.031778e-002
1.376000000000000e+003	-2.653520e-001
1.377000000000000e+003	-4.653556e-001
1.378000000000000e+003	1.303673e-002
1.379000000000000e+003	-6.327391e-003
1.380000000000000e+003	-1.825349e-001
1.381000000000000e+003	1.115422e-001
1.382000000000000e+003	-2.990453e-001
1.383000000000000e+003	1.572747e-001
1.384000000000000e+003	-3.593860e-001
1.385000000000000e+003	7.189603e-001
1.386000000000000e+003	-1.406093e-001
1.387000000000000e+003	-3.683162e-002
1.388000000000000e+003	4.274077e-001
1.389000000000000e+003	1.482322e-001
1.390000000000000e+003	-3.230655e-001
1.391000000000000e+003	2.591226e-001
1.392000000000000e+003	2.203393e-002
1.393000000000000e+003	-1.653128e-001
1.394000000000000e+003	-1.994917e-001
1.395000000000000e+003	3.572266e-001
1.396000000000000e+003	-1.296947e-001
1.397000000000000e+003	2.453101e-001
1.398000000000000e+003	-1.699734e-001
1.399000000000000e+003	3.302097e-004
1.400000000000000e+003	-1.809216e-002
1.401000000000000e+003	-7.030320e-002
1.402000000000000e+003	1.106687e-001
1.403000000000000e+003	2.308426e-001
1.404000000000000e+003	2.780213e-001
1.405000000000000e+003	-3.763678e-001
1.406000000000000e+003	6.739235e-002
1.407000000000000e+003	1.387973e-001
1.408000000000000e+003	-3.469679e-001
1.409000000000000e+003	4.912479e-001
1.410000000000000e+003	-2.361202e-002
1.411000000000000e+003	8.982611e-002
1.412000000000000e+003	7.680750e-002
1.413000000000000e+003	-1.959927e-001
1.414000000000000e+003	4.233642e-001
1.415000000000000e+003	-6.981897e-002
1.416000000000000e+003	-1.017385e-001
1.417000000000000e+003	-3.399658e-002
1.418000000000000e+003	7.958817e-002
1.419000000000000e+003	-1.017337e-001
1.420000000000000e+003	4.163504e-002
1.421000000000000e+003	-2.948236e-002
1.422000000000000e+003	3.017766e-001
1.423000000000000e+003	5.500388e-001
1.424000000000000e+003	-2.962399e-002
1.425000000000000e+003	1.300442e-001
1.426000000000000e+003	-3.937440e-001
1.427000000000000e+003	1.005306e-001
1.428000000000000e+003	-5.486012e-003
1.429000000000000e+003	-2.259607e-001
1.430000000000000e+003	1.574695e-001
1.431000000000000e+003	-5.172794e-001
1.432000000000000e+003	-5.584331e-001
1.433000000000000e+003	-6.668544e-002
1.434000000000000e+003	-2.316015e-001
1.435000000000000e+003	-5.580852e-001
1.436000000000000e+003	-2.241755e-001
1.437000000000000e+003	-6.475489e-001
1.438000000000000e+003	-8.776093e-002
1.439000000000000e+003	1.843297e-001
1.440000000000000e+003	-2.919395e-001
1.441000000000000e+003	2.102625e-001
1.442000000000000e+003	-2.896807e-001
1.443000000000000e+003	-3.660607e-001
1.444000000000000e+003	1.168523e-001
1.445000000000000e+003	1.576731e-001
1.446000000000000e+003	-2.496481e-003
1.447000000000000e+003	8.706927e-002
1.448000000000000e+003	-4.100466e-002
1.449000000000000e+003	3.318961e-001
1.450000000000000e+003	5.727401e-001
1.451000000000000e+003	-2.103486e-001
1.452000000000000e+003	4.050095e-001
1.453000000000000e+003	3.390837e-002
1.454000000000000e+003	3.017373e-001
1.455000000000000e+003	-5.144577e-001
1.456000000000000e+003	2.409966e-001
1.457000000000000e+003	-2.098467e-001
1.458000000000000e+003	-2.246659e-001
1.459000000000000e+003	-4.656672e-002
1.460000000000000e+003	4.139900e-003
1.461000000000000e+003	4.781396e-001
1.462000000000000e+003	3.762176e-001
1.463000000000000e+003	4.069686e-001
1.464000000000000e+003	6.272156e-001
1.465000000000000e+003	-2.122164e-001
1.466000000000000e+003	2.469304e-001
1.467000000000000e+003	8.130264e-002
1.468000000000000e+003	-3.501613e-001
1.469000000000000e+003	2.828743e-001
1.470000000000000e+003	1.516275e-001
1.471000000000000e+003	3.464055e-001
1.472000000000000e+003	2.151227e-001
1.473000000000000e+003	2.729015e-001
1.474000000000000e+003	3.292878e-001
1.475000000000000e+003	2.092428e-001
1.476000000000000e+003	-3.035047e-001
1.477000000000000e+003	-4.495096e-002
1.478000000000000e+003	3.477597e-002
1.479000000000000e+003	-3.807783e-003
1.480000000000000e+003	-4.197462e-001
1.481000000000000e+003	2.016673e-001
1.482000000000000e+003	1.746941e-001
1.483000000000000e+003	-1.168163e-001
1.484000000000000e+003	-1.116958e-001
1.485000000000000e+003	6.611991e-002
1.486000000000000e+003	-5.343959e-001
1.487000000000000e+003	3.299737e-002
1.488000000000000e+003	-3.469040e-001
1.489000000000000e+003	3.583150e-001
1.490000000000000e+003	4.599397e-001
1.491000000000000e+003	1.939869e-002
1.492000000000000e+003	1.073167e-001
1.493000000000000e+003	3.621426e-001
1.494000000000000e+003	-1.905904e-001
1.495000000000000e+003	2.530930e-001
1.496000000000000e+003	1.125705e-001
1.497000000000000e+003	-2.663729e-001
1.498000000000000e+003	-2.924180e-002
1.499000000000000e+003	6.166589e-001
1.500000000000000e+003	1.843247e-001
